0.0003095738431419462;
0.00035142855717517377;
0.00040347495489298523;
0.000468271045896074;
0.0005483721365439249;
0.0006463003010467611;
0.0007645135291968112;
0.0009053748890827692;
0.001071122047297337;
0.0012638374894933329;
0.001485419780632643;
0.0017375561969120525;
0.002021697050192814;
0.002339032010902615;
0.0026904687169587754;
0.0030766139344606974;
0.003497757510938866;
0.003953859334085136;
0.004444539478418117;
0.0049690716895824764;
0.005526380321294947;
0.006115040803709251;
0.006733283684573553;
0.0073790022464095125;
0.008049763664473786;
0.00874282363189958;
0.00945514434058668;
0.010183415669539037;
0.010924079396855423;
0.011673356217864354;
0.012427275320343266;
0.013181706238735753;
0.013932392683114194;
0.014674988015631238;
0.01540509202763241;
0.016118288654693634;
0.01681018425479347;
0.01747644606677758;
0.018112840462326366;
0.018715270604852407;
0.019279813133144284;
0.01980275349610032;
0.02028061957747782;
0.020710213266092015;
0.02108863964716095;
0.021413333514293656;
0.021682082928703043;
0.02189304958230034;
0.02204478575406742;
0.022136247684151726;
0.022166805227101377;
0.022136247684151726;
0.02204478575406742;
0.02189304958230034;
0.021682082928703043;
0.02141333351429365;
0.021088639647160942;
0.02071021326609201;
0.020280619577477815;
0.019802753496100316;
0.019279813133144284;
0.0187152706048524;
0.01811284046232636;
0.01747644606677758;
0.016810184254793466;
0.016118288654693634;
0.015405092027632405;
0.014674988015631236;
0.013932392683114189;
0.01318170623873575;
0.012427275320343262;
0.011673356217864351;
0.010924079396855422;
0.01018341566953903;
0.009455144340586677;
0.008742823631899578;
0.008049763664473783;
0.007379002246409511;
0.006733283684573548;
0.006115040803709248;
0.005526380321294947;
0.004969071689582473;
0.004444539478418117;
0.0039538593340851325;
0.0034977575109388643;
0.0030766139344606935;
0.0026904687169587724;
0.002339032010902615;
0.002021697050192811;
0.0017375561969120515;
0.0014854197806326412;
0.001263837489493332;
0.001071122047297337;
0.0009053748890827675;
0.000764513529196811;
0.0006463003010467604;
0.0005483721365439247;
0.000468271045896074;
0.00040347495489298496;
0.00035142855717517377;
0.0003095738431419462;
